002144
004938
005178
012639
012772
012954
031328
041609
044330
045312
067389
067464
067466
067476
070017
070296
070332
070352
071676
071687
071740
071786
071787
072786
073277
073362
073540
073707
073715
073721
073754
073788
073849
073853
077559
078952
079014
079117
079168
084457
085138
071362
040211
040633
040798
041298
042561
042603
043088
043154
053873
053880
005074
005098
005260
009803
012673
012801
013018
013462
013464
014033
045197
067721
067724
067790
070846
071263
071528
073325
073409
073568
073836
078229
079261
013451
071559
073392
085390
067747
070809
079035
002013
072388
079043
070476
073763
077524
012535
013288
042634
042913
070443
070825
071437
073140
079195
085380
085416
085434
900755
901439
901441
901454
903707
904017
904026
904034
904038
904385
904457
904654
